3.358411633350230829e+01
3.002797582591021452e+01
2.928565416159453250e+01
2.915048487451341330e+01
2.897679128470244336e+01
2.858865308938203142e+01
2.915085283738595479e+01
2.866626433266533880e+01
2.362779184800607268e+01
1.863716505633460230e+01
1.700196221051392698e+01
1.579189951154920735e+01
1.529931403089452679e+01
1.480141986564353651e+01
1.447982433195467422e+01
1.427449511157141870e+01
1.401508085992601238e+01
1.346687256318551462e+01
1.335560648794527339e+01
1.305306094840720910e+01
1.279017330982066980e+01
1.258753008930771422e+01
1.265549236226964958e+01
1.237711199654473226e+01
1.186995025652426250e+01
1.169024840814095967e+01
1.123618533434691180e+01
1.116390596230824706e+01
1.120342913733588297e+01
1.100965523189968565e+01
1.064920805560218042e+01
1.056740008195241209e+01
1.051961543295118595e+01
1.050082847718839218e+01
1.047384234799279135e+01
1.040616646077897833e+01
1.044005309034276863e+01
1.040281259660367574e+01
1.037230558571992134e+01
1.028206602202521402e+01
1.035069381307672565e+01
1.030431541248604077e+01
1.032898934064088081e+01
1.024189871505454796e+01
1.022746031637544917e+01
1.029530829676875392e+01
1.026113010070942089e+01
1.019864654805925142e+01
1.018665977672294254e+01
1.006941564701221559e+01
1.007369987434810987e+01
1.008560538556840669e+01
1.003883273248319341e+01
1.005849748894020301e+01
1.001096636939931805e+01
1.011147815474757472e+01
9.969563383526272915e+00
9.945157746032432300e+00
1.002254222234090086e+01
9.955536146517152574e+00
9.912824984833045860e+00
9.907227134704589488e+00
9.935528917665834570e+00
9.905682501527998340e+00
9.908350529494109438e+00
9.847574369995681920e+00
9.867340123211896241e+00
9.860511018611767042e+00
9.811784685099565806e+00
9.761901394526164566e+00
9.778588641131365833e+00
9.767163180421899682e+00
9.755383052649321485e+00
9.732527678984183694e+00
9.697841903015419263e+00
9.706839496118050192e+00
9.675315551404599645e+00
9.667222044203017006e+00
9.636492735368234364e+00
9.619576547763966090e+00
9.618601440500329502e+00
9.597636792394849792e+00
9.598769693021420579e+00
9.604972914413169249e+00
9.528973234141314919e+00
9.525996404223972647e+00
9.510959602285314674e+00
9.558454921510485036e+00
9.554436990066811575e+00
9.562229113667099156e+00
9.494934329280146912e+00
9.463080905984948998e+00
9.416243843679074743e+00
9.382564152170109750e+00
9.353451154850146665e+00
9.382605666584439064e+00
9.337208468384213589e+00
9.394194452850907595e+00
9.355406169538143857e+00
9.393406614992354520e+00
9.319364364941915113e+00
9.325504254411768557e+00
9.352052797211541701e+00
9.339074450069004385e+00
9.252111985065319288e+00
9.341259491002118054e+00
9.252676027792471558e+00
9.191067511947066393e+00
9.248639509412978299e+00
9.225484424167209596e+00
9.191750947634378832e+00
9.186344250926264721e+00
9.175480101285156564e+00
9.118956619721870993e+00
9.167828420356467944e+00
9.093466004618891319e+00
9.129280092098094102e+00
9.060341523311755907e+00
9.051865096445437686e+00
9.041496330720406149e+00
9.073416403487875925e+00
9.031215193536546337e+00
9.043677298227946082e+00
8.971386415870101771e+00
9.013109706507789198e+00
9.020418248353180957e+00
9.003025279663226854e+00
9.095286833798443382e+00
9.054147745061802866e+00
8.929471189887435045e+00
8.894809025746804210e+00
8.869684814523767002e+00
8.874842473312661184e+00
8.868342087886951219e+00
8.874516952479327259e+00
8.870771612061394862e+00
8.903538475213228054e+00
8.888501850763956824e+00
8.886895656585693359e+00
8.879378181916695922e+00
8.764303433453594749e+00
8.779897790484957554e+00
8.766488106162459104e+00
8.749847135720429492e+00
8.755770295637624656e+00
8.758165081342061953e+00
8.752859748292852515e+00
8.709671318972551646e+00
8.711619880464342103e+00
8.652773001900426308e+00
8.695835165182749904e+00
8.793105296735410192e+00
8.652706460599546290e+00
8.639141066427583837e+00
8.759887298389717358e+00
8.700417751294594382e+00
8.702028705897154381e+00
8.636577216784159461e+00
8.525465056189784008e+00
8.546271833225532077e+00
8.565713787961888315e+00
8.518108692434099183e+00
8.557673205711223474e+00
8.523167800461804333e+00
8.561689054524457276e+00
8.605743630285616064e+00
8.509150327576531225e+00
8.543195653844762205e+00
8.393054952003337732e+00
8.489708894270437511e+00
8.512657000841917565e+00
8.470900545296846218e+00
8.405573734972211497e+00
8.374855648146734666e+00
8.400194453310083631e+00
8.428230597354747999e+00
8.433766079832006213e+00
8.447421402842909544e+00
8.392000999715593323e+00
8.350596388181051211e+00
8.298642299793383970e+00
8.301313101803815542e+00
8.388412545345447668e+00
8.378131284095623244e+00
8.356871670263785745e+00
8.357407127044819362e+00
8.249329473795715018e+00
8.215774072099614855e+00
8.266549947085204408e+00
8.250987721372533557e+00
8.223518409110882388e+00
8.324612309314586511e+00
8.197545972135332093e+00
8.292178236113654677e+00
8.310249626636505127e+00
8.237378842300838500e+00
8.230088239245944237e+00
8.161763233608668955e+00
8.130309368945933812e+00
8.154798977463332932e+00
