3.788761220635296356e-02
3.409077803929227296e-02
3.691971211325770219e-02
3.454168183886850707e-02
3.629114022178644289e-02
3.646616710647783421e-02
3.667085179684594076e-02
3.887463790106385209e-02
1.105791021250976253e-01
2.021410943444444386e-01
2.512664589724564190e-01
2.779630541301563174e-01
2.863273506101624011e-01
3.110878231302448005e-01
3.146096084754164690e-01
3.139231630521888694e-01
3.173983735297025155e-01
3.246247033718336339e-01
3.278801499003360931e-01
3.300851279086489121e-01
3.385302783473972399e-01
3.410510195012282364e-01
3.374943777117516697e-01
3.426937493170437721e-01
3.563243385649509931e-01
3.572217641577162262e-01
3.723508057262318038e-01
3.707049001397431098e-01
3.694559175392770345e-01
3.739528349523145723e-01
3.878003657519418779e-01
3.857141067522353306e-01
3.881524528544754160e-01
3.875662713994466047e-01
3.896964066894504364e-01
3.887484434475657613e-01
3.893110657786870155e-01
3.912534535847552730e-01
3.942022403386027385e-01
3.946856441511700231e-01
3.920612690269480449e-01
3.942839678978624640e-01
3.907541722169086684e-01
3.940907570362160994e-01
3.953158721892206517e-01
3.932539024237077241e-01
3.948139353926590767e-01
3.942583365092842129e-01
3.955400758763428226e-01
4.004323086736232828e-01
3.985624278378113727e-01
3.980491343817234573e-01
3.983860648032035434e-01
3.994541719262230117e-01
3.999431868625520359e-01
3.987630259780505226e-01
4.005313533822566496e-01
4.013913583867155799e-01
3.983948105169771159e-01
4.019806306612671021e-01
4.011091096402235601e-01
4.035883757660005400e-01
4.019924577635847207e-01
4.023388491004593059e-01
4.013566182084984391e-01
4.044296282644841978e-01
4.031479232920157085e-01
4.026963196823142854e-01
4.047358313353360826e-01
4.052209293461638828e-01
4.072469164785824103e-01
4.050187012622361582e-01
4.069807826466881884e-01
4.048508719190637706e-01
4.074443636535114432e-01
4.075738573349621530e-01
4.121062158552142307e-01
4.084466953862299632e-01
4.096659595762732198e-01
4.090672097447067834e-01
4.082653795027507138e-01
4.084316846661222855e-01
4.110616140749911440e-01
4.078228607312059384e-01
4.126096243465618985e-01
4.154406363512071487e-01
4.107439719689774948e-01
4.091428563593514367e-01
4.098307580854306242e-01
4.121498639848234502e-01
4.092545869309034967e-01
4.116999038676084077e-01
4.158140933239898307e-01
4.147607050127023465e-01
4.156413724573357893e-01
4.139364414625592570e-01
4.174293544070638573e-01
4.151219001959215449e-01
4.160023134884947016e-01
4.139425322797798401e-01
4.162037622524682456e-01
4.171276000956429253e-01
4.133369469783311767e-01
4.134067390500501538e-01
4.190950439558067675e-01
4.139767495068937819e-01
4.195737115787787075e-01
4.215554233832681241e-01
4.177463038148947483e-01
4.177483689750802753e-01
4.165868745799906070e-01
4.219415737623455342e-01
4.210171258980899278e-01
4.208254849029989253e-01
4.197214541721458470e-01
4.215076697945220330e-01
4.225528913239431361e-01
4.219006852170564259e-01
4.220975032911247204e-01
4.244659059153300107e-01
4.232797605745041714e-01
4.228825942263197413e-01
4.200656099344651229e-01
4.255290481680776282e-01
4.245106753970608326e-01
4.230630084106797861e-01
4.250344713574132349e-01
4.218260688691198301e-01
4.216735602136664762e-01
4.253771724586536407e-01
4.270894085210065749e-01
4.283592662233137727e-01
4.268550903096574034e-01
4.275352958819266247e-01
4.279861700546519487e-01
4.276776502751403752e-01
4.282997659239942689e-01
4.256283086496504553e-01
4.243170534923896287e-01
4.278378307842324313e-01
4.304511411990052383e-01
4.300312267509333042e-01
4.301433436791410880e-01
4.300512421228227522e-01
4.318295115167928855e-01
4.312647952458630307e-01
4.310311072953460498e-01
4.318909481144270757e-01
4.287867164425795408e-01
4.355602036930386056e-01
4.344424600599615105e-01
4.292070349956498276e-01
4.327248832469021700e-01
4.344522329062511790e-01
4.314843324601424501e-01
4.322561118567303518e-01
4.316289727553253019e-01
4.337026578704462620e-01
4.373747755435766216e-01
4.360027353027544073e-01
4.352830896171499542e-01
4.377730242074949207e-01
4.384138386344874627e-01
4.388962345524377584e-01
4.369369618979229153e-01
4.340717467176131161e-01
4.374229471086320542e-01
4.383542104859255994e-01
4.424436956152987821e-01
4.387538995984849866e-01
4.378116148441437705e-01
4.383414820594911387e-01
4.393613536831946220e-01
4.441683188086825163e-01
4.432899374880200916e-01
4.395939293732202824e-01
4.395666004642338476e-01
4.371677754922888015e-01
4.419973924415828148e-01
4.436408752269551670e-01
4.440861227167876568e-01
4.439559660182645362e-01
4.404784417845081790e-01
4.403093384581535652e-01
4.428174607711988786e-01
4.413286287678894748e-01
nan
4.459751770243519653e-01
4.458250469584362219e-01
4.452107674869044129e-01
4.466252490042182388e-01
4.422109043535886741e-01
4.462384743351485716e-01
4.433699542016500406e-01
4.443890629732641373e-01
4.438157425493518549e-01
4.464279791621774685e-01
4.476238305892776825e-01
4.511050890540183045e-01
4.465745107812064130e-01
