4.402021703104990746e-01
4.409602737866528677e-01
4.426666378480302866e-01
4.435052389893598401e-01
4.421924038655999367e-01
4.432001276075205332e-01
4.415816401646803224e-01
4.441457838914800171e-01
4.414075870692208414e-01
4.429623321475650299e-01
4.423400044794048025e-01
4.456131128516172546e-01
4.442020676398734658e-01
4.419956254167651810e-01
4.430551947146837977e-01
4.454832160937716723e-01
4.420749034810924627e-01
4.456492739696946703e-01
4.443295623490227664e-01
4.447813214012430461e-01
4.456439426163967821e-01
4.463644847474703692e-01
4.445367540180892307e-01
4.453201516559677220e-01
4.466411623396464581e-01
4.476869424695628652e-01
4.456677677085912337e-01
4.479787191838633387e-01
4.445341858865030638e-01
4.473959805808559453e-01
4.465567178874360610e-01
4.468314292391736275e-01
4.466083137642814505e-01
4.472754995368655173e-01
4.444344338349718870e-01
4.466601885171651021e-01
4.480626675418287741e-01
4.444760256525889797e-01
4.463381702077917623e-01
4.465793690364410762e-01
4.486514421243768536e-01
4.489120927640186109e-01
4.499842818773498454e-01
4.484520663987951461e-01
4.463460793277468364e-01
4.471987764466635595e-01
4.491740856293372497e-01
4.482960926722032169e-01
4.496503191630980001e-01
4.482051121792713366e-01
4.473099644493468974e-01
4.498686082831701571e-01
4.484079147554460021e-01
4.479448681751766470e-01
4.482127242210879325e-01
4.500180108547273128e-01
4.461616555381800464e-01
4.482451108003685514e-01
4.507964817547688297e-01
4.492885926773896310e-01
4.496635628395929118e-01
4.506608761838418187e-01
4.508837103654583789e-01
4.495310109076034455e-01
4.509704667000610789e-01
4.491522689232588794e-01
4.533928896095735794e-01
4.512491451459025305e-01
4.486069452501930677e-01
4.476288882744433595e-01
4.514193593684884265e-01
4.505069056950479767e-01
4.514692039147006897e-01
4.511034501517921513e-01
4.514009592770314439e-01
4.510318042192396071e-01
4.507308963389178302e-01
nan
4.500253871797222915e-01
4.515436629869202245e-01
4.508538241332765706e-01
4.511808936436063622e-01
4.499913817459011978e-01
4.510418820850737864e-01
4.527717511973602948e-01
4.546798188836294052e-01
4.527963268888035575e-01
4.531766483858251093e-01
4.519380247616963664e-01
4.515112257116232763e-01
4.507704366504687310e-01
4.524501542777698004e-01
4.536280313246235929e-01
4.528301407143789925e-01
4.519802252015663324e-01
4.526255684346272012e-01
4.531075632423185451e-01
4.548926123516333631e-01
4.540995356967782448e-01
nan
4.529250065234145528e-01
4.538308944724928629e-01
4.542738762520913132e-01
4.531580336530617870e-01
4.549646277956846396e-01
4.543801932514835440e-01
4.526029992846700156e-01
4.513861468002869914e-01
4.550301192483433010e-01
4.527264288360525746e-01
4.534548374449177133e-01
4.517946525195635776e-01
4.531068546199876756e-01
4.553040194812234542e-01
4.547240275608447901e-01
4.537966202807058314e-01
4.549016929119180652e-01
4.548182347329082775e-01
4.544948061811164286e-01
4.543935835317923777e-01
nan
4.548432092165058394e-01
nan
4.572009713893358529e-01
4.545651997876732353e-01
4.564814694381008620e-01
4.540419206528902851e-01
nan
4.545829222835240380e-01
4.550006910160198093e-01
4.549243771327243224e-01
4.556271815785445378e-01
nan
4.568830614780206023e-01
4.549820182003670443e-01
nan
4.555630222174216204e-01
4.547897909780064807e-01
4.552543174342316701e-01
nan
4.569195677704542824e-01
4.558296305155932204e-01
4.580239659900446347e-01
4.586151487298510965e-01
4.561318428523459811e-01
4.562104036869381041e-01
4.546769119160515848e-01
4.602907633610721083e-01
4.567786390622255444e-01
4.579151659389810169e-01
4.588189870289679506e-01
4.554183082205918165e-01
4.566619162390913589e-01
4.578803502208370624e-01
4.589312768408161380e-01
4.595838394498378277e-01
4.566927814019294818e-01
4.581854109341093606e-01
4.596238434919664440e-01
4.599779425572336211e-01
4.593883588853834299e-01
4.588951736144589733e-01
4.580280236998063859e-01
4.571004551736158050e-01
4.602075484371423442e-01
4.605978920146731603e-01
4.589344276357599228e-01
4.582657762094145548e-01
4.616199171858213490e-01
4.602994302600935672e-01
nan
4.623117120256591273e-01
4.622868727843483239e-01
4.585069127340192785e-01
4.611924922882124633e-01
4.584703070311801354e-01
4.594972349723880356e-01
4.593131600469141373e-01
4.623727634589844260e-01
4.585235014830770228e-01
4.613792540893055794e-01
4.594793044055129339e-01
4.599375539255598500e-01
4.600728889015867074e-01
4.625029541039918923e-01
4.614291306455526875e-01
4.632217922813967048e-01
4.616282129510972942e-01
4.621911425963347586e-01
4.627418136415341055e-01
nan
4.620414841557290431e-01
4.605976459173998228e-01
4.628904192903269266e-01
4.638307392037667176e-01
4.621562100933959694e-01
4.612335783632539599e-01
nan
4.645001386665554843e-01
4.652677508445011711e-01
