8.266086172616040173e+00
8.259333062944588022e+00
8.201047347541209120e+00
8.192582430883689426e+00
8.173608750215283436e+00
8.235942777991294150e+00
8.212896431927328322e+00
8.179305624851474832e+00
8.183084121898367869e+00
8.172768382341773830e+00
8.220188714950172226e+00
8.123127664128938719e+00
8.132766371413513440e+00
8.176208429866367311e+00
8.149951374420412620e+00
8.151289673535911717e+00
8.172829193318332131e+00
8.124798310134146107e+00
8.107872990987919692e+00
8.097330004087201161e+00
8.108708630998929578e+00
8.093790720348005507e+00
8.110513478407153087e+00
8.084059557980960875e+00
8.099446342278410427e+00
8.069611399924314199e+00
8.109845804837014782e+00
8.072620878948105982e+00
8.149443118108642636e+00
8.071716692602192822e+00
8.039515275535759287e+00
8.064491578495060153e+00
8.072339514780926706e+00
8.070827383796373766e+00
8.086620199128432773e+00
8.037841993239190685e+00
8.021324967344602541e+00
8.091252665276881473e+00
8.054935686566212283e+00
8.052928058306376258e+00
8.059122942222488817e+00
8.005452789421434900e+00
8.018010245208387232e+00
7.985314468542735078e+00
8.018901719870390465e+00
8.046316607241276841e+00
8.003346796278600905e+00
8.013434568489039123e+00
8.012408344723560560e+00
8.006830504205492360e+00
8.021011285870162766e+00
8.002605926659372315e+00
8.009621904017748761e+00
8.021268687535215491e+00
7.960834450964574316e+00
7.989048393236266143e+00
8.005914966154980661e+00
7.963497749412501214e+00
7.944664399270657817e+00
8.012005128683867383e+00
7.964643105533387946e+00
7.974165454506874084e+00
7.921197357884159906e+00
7.991915750503539861e+00
7.936069104848084699e+00
7.944457415629316621e+00
7.908425451097665260e+00
7.912450950675540717e+00
7.982238921247146735e+00
7.996721892114038610e+00
7.923628493757159497e+00
7.913332127862506837e+00
7.948508504474604663e+00
7.939225694095647157e+00
7.903289599330337367e+00
7.923273972339099913e+00
7.910940010680092449e+00
7.915421111605785320e+00
7.928644497471826647e+00
7.917962162472583998e+00
7.905311844083997563e+00
7.876664208041296966e+00
7.913286670269789269e+00
7.883811054737480006e+00
7.863526840452794708e+00
7.849861765018215642e+00
7.830461445119645703e+00
7.884372126559416216e+00
7.884774329706474738e+00
7.886493458736826057e+00
7.908510234951973139e+00
7.854689983968381917e+00
7.843585160153883074e+00
7.860665879978073534e+00
7.832441153018562474e+00
7.859740143793600531e+00
7.804015524078298682e+00
7.850829184165707630e+00
7.816870954743137645e+00
7.830638132271943164e+00
7.830486283589292107e+00
7.814484170079230907e+00
7.811701529114334797e+00
7.859129391721001667e+00
7.790400585973704217e+00
7.827407941553327753e+00
7.848556411266327082e+00
7.833856540918350042e+00
7.821568147948494421e+00
7.847449107964833637e+00
7.824055979869983801e+00
7.847293452863340235e+00
7.830937447260927442e+00
7.783320549571955738e+00
7.798071345245396913e+00
7.798815275563134364e+00
7.791146963006919890e+00
7.774667917743877332e+00
7.769001186335528608e+00
7.775225994046087941e+00
7.790292093930420769e+00
7.760570018655723601e+00
7.752912857355894971e+00
7.771851593863081220e+00
7.758469968371921155e+00
7.752456363925227301e+00
7.776265533544399311e+00
7.718712127153520619e+00
7.761956596981596235e+00
7.799793387894276897e+00
7.782118877327000916e+00
7.739077530801296234e+00
7.695622955538608423e+00
7.706080944118676612e+00
7.783827361685258239e+00
7.714385894713578828e+00
7.759583391911453631e+00
7.755324791923717598e+00
7.739831816653410357e+00
7.710540616512298939e+00
7.744648217603012696e+00
7.753559883325188196e+00
7.706449313792917089e+00
7.690388152886320050e+00
7.698578733978448163e+00
7.723880843266292651e+00
7.694976910948753357e+00
7.658809185138455433e+00
7.708018900729991962e+00
7.678893532962710822e+00
7.713533534054403340e+00
7.682315019490542518e+00
7.703828328627126965e+00
7.695862910482618169e+00
7.655131521765832225e+00
7.650743310319052526e+00
7.701399723688761689e+00
7.670067690754378553e+00
7.642914371689160546e+00
7.656584737753426850e+00
7.650501846273740192e+00
7.647587339800817396e+00
7.683251904116736419e+00
7.684871139956845454e+00
7.617082009326528791e+00
7.642051364095122423e+00
7.655608612685291803e+00
7.662706960075431617e+00
7.619929698220005321e+00
7.655442767397120818e+00
7.598085385009094139e+00
7.587817174637758733e+00
7.612562447731141546e+00
7.605936700326425104e+00
7.585446840690241999e+00
7.648110198809041194e+00
7.594021086339597382e+00
7.651442370867287401e+00
7.574861438848354389e+00
7.620586978230211805e+00
7.552945499784416761e+00
7.566397844365349457e+00
7.588781187710938347e+00
7.612816027634673688e+00
7.574143950254828894e+00
7.570049384236336110e+00
7.546540946816956641e+00
7.537771957560821967e+00
7.533567966907112279e+00
7.551133973068661298e+00
7.560501231087578766e+00
7.576370959204655975e+00
7.586017019881142076e+00
7.519389192704800884e+00
7.528421281830028455e+00
7.528965098493628716e+00
7.544919035611329150e+00
7.600785787348393718e+00
7.539377047231903717e+00
7.496386792483153094e+00
